p_customerid
856987017
856987274
856987535
856987578
856987963
856987122
856987389
856988851
856988988
856989152
856989875
856989063
856989924
856990310
856991154
856990698
856991451
856992321
856992571
856992515
856992014
856992402
856993490
856993295
856994269
856993568
856994432
856994951
856995006
856995698
856995723
856996181
856996215
856996730
856996774
856997363
856997384
856997548
856998513
856997974
856998570
856998487
856999545
856999578
856999720
857004625
857005728
857005748
857006503
857006526
857005950
857005837
857007163
857006595
857007435
857006619
857007456
857007495
857008630
857008678
857009499
857008164
857009537
857010130
857009828
857010171
857011036
857014957
857014974
857015117
857016050
857016088
857016813
857016608
857016881
857016277
857017591
857017746
857017528
857018376
857017672
857017690
857017702
857018689
857018724
857019414
857018481
857019187
857019802
857024560
857023722
857023741
856972827
856971991
856972562
856972065
856973147
856974008
856974390
856974448
